201801
201802
201803
201804
201805
201806
201807
201808
201809
201810
201811
201812
201901
201902
201903
201904
201905
201906
201907
201908
201909
201910
201911
201912
202001
202002
202003
202004
202005
202006
202007
202008
202009
202010
202011
202012
202101
202102
202103
202104
202105
202106
202107
202108
202109
202110
202111
202112
202201
202202
202203
202204
202205
202206
202207
202208
202209
202210
202211
202212
202301
202302
202303
202304
202305
202306
202307
202308
202309
202310
202311
202312